-3.94E-06
1.55E-06
-6.29E-07
-4.92E-06
7.76E-06
-1.33E-05
-6.09E-05
1.44E-05
0.000136232
-8.26E-05
-0.000117944
6.47E-05
9.06E-05
0.000327508
1.25E-06
-0.000442831
0.000185102
8.23E-05
-0.000201766
0.000474783
0.000907633
-0.00086815
-0.001022398
9.08E-05
0.001151075
0.000542486
-0.000553053
-0.001510161
-0.000208261
0.00154033
-0.000246751
0.00051961
0.000677896
-0.000665641
-0.000828811
0.000680021
0.001028883
0.000561055
-0.000597026
-0.003124325
0.002489869
0.003658575
-0.001284407
-0.002758991
-0.00152951
0.000719648
0.001815098
0.002872696
0.000230227
-0.004729097
-0.000741273
0.005213415
0.005207279
0.003704245
-0.003492923
-0.009248881
0.004918876
0.01093024
0.002002985
-0.00256598
-0.007947483
-0.002801771
-0.001885181
0.003956006
0.008766984
0.006687349
-0.01812278
-0.0116666
0.01071255
0.007517761
0.000329811
-0.005864523
0.004188078
0.001857062
-0.002960229
6.04E-06
0.007052628
0.001438572
-0.01435112
-0.004984777
0.009094634
0.000295282
-0.007668925
-0.007418412
0.006532009
0.01621398
-0.00615385
-0.008065377
0.001515587
0.008769745
-0.007841297
-0.02244158
0.007169417
0.02129146
-0.007436321
-0.02215688
9.79E-05
-0.004437494
-0.004456101
-0.020753
0.007687635
0.0429836
-0.005406103
-0.02515673
4.42E-05
0.03105407
-0.000970466
-0.004687386
-0.02653451
-0.03069228
0.03823318
0.02109597
-0.01338166
-0.01233819
0.01395826
0.004510502
-0.01907589
0.01805902
0.03825193
-0.01143286
-0.03031633
-0.01638149
0.01661636
0.01318156
0.009515118
-0.004030533
-0.02644054
0.02122368
0.01973911
-0.006049973
-0.002693701
0.001392063
-0.009618191
-0.008413654
0.006039295
-0.006705955
-0.005732724
0.009331416
-0.009232402
0.000178253
0.01923327
-0.008501683
-0.02116826
0.001031799
0.002000465
0.01481723
0.0152072
0.00684731
-0.001885872
-0.01611116
0.009610454
0.005232299
0.01517802
-0.02306897
-0.02465964
0.003013989
0.01496021
0.003000968
-0.02966831
0.01197083
0.02506774
0.01781953
-0.01144154
0.008969605
0.001330068
-0.0250764
-0.02005279
-0.02537693
4.16E-05
0.01139312
0.01009794
0.000661431
-0.005792457
0.001316326
-0.003951356
0.01869458
0.02482453
0.0300131
0.000427996
-0.02257026
0.01064783
0.01182696
0.002324617
-0.009315361
-0.007067822
-0.02299948
-0.006514344
0.02401099
0.000629668
-0.0119448
-0.01504126
-0.01682706
-0.01402749
0.003924609
0.0420018
0.01055338
-0.03423181
-0.01986155
0.0165688
0.008595485
0.005779768
0.005010895
-0.00060559
-0.003817158
-0.01459852
-0.02489391
-0.004989576
0.007124226
0.01122964
0.01138938
0.01451112
0.002057948
-0.02768638
-0.005778563
0.01185007
0.02331311
0.01336604
0.01717639
-8.19E-05
-0.02650011
-0.02129682
0.0031514
0.01715375
0.01108401
-0.00787879
-0.01163057
0.01237503
0.01200044
0.008601945
0.006882899
-0.02175436
-0.01204569
0.005401363
-0.002067693
-0.006701654
-0.001460091
0.00345499
0.003345498
0.01710315
0.0167632
0.0108652
0.01440385
-0.003457065
-0.02181777
-0.01529872
-0.01416603
-0.0146162
0.01203426
0.01335511
-0.006220389
-0.01292676
-0.01030896
-0.007071328
-0.001222182
-0.002603185
-0.008899564
-0.003417328
-0.005266674
-0.001610831
-0.01276643
-0.004558571
0.005426124
-0.003753856
-0.000757505
0.01024946
0.005492511
0.01308626
0.0151941
0.02330889
0.04227981
0.02457682
-0.000752423
-0.05998254
-0.06959471
-0.03087059
0.006335375
0.03187686
0.02654195
0.04293412
0.009010276
-0.04805267
-0.05001185
-0.06662708
-0.01466281
0.04712774
0.04973885
0.03147999
-0.02132412
-0.02438149
-0.03577114
-0.0302651
0.006825745
0.05237503
0.04530278
0.00231229
-0.009986188
-0.01620455
-0.000639213
0.009578619
0.000594353
-0.001145446
0.000617097
-0.004550704
-0.004503052
-0.01028551
-0.01459652
-0.05311528
-0.04672033
-0.004795809
-0.008255411
0.008541975
0.06682129
0.0670527
0.007685733
-0.06147351
-0.0800096
-0.0620936
-0.06096906
-0.01482528
0.05000307
0.09773662
0.1196486
0.1029438
0.04445221
-0.001799014
-0.03936904
-0.01682909
0.04162693
0.06806231
0.06839748
-0.005196682
-0.1094241
-0.2004273
-0.2165386
-0.1630101
-0.0561298
0.08503893
0.1708225
0.2026526
0.1913562
0.1111513
-0.01777502
-0.1311235
-0.1300949
-0.09005746
-0.03218214
0.05050765
0.0954506
0.1047988
0.1029687
0.07360745
0.0113296
-0.003373556
0.00838874
0.01551834
0.02193147
-0.004383754
-0.03689787
-0.04519015
-0.008786905
0.04021502
0.03443161
-0.03127909
-0.07324012
-0.07228835
-0.05968203
-0.0374653
0.001936634
0.04504781
0.06338366
0.04048838
0.01668186
0.01037568
-0.01037038
-0.01835748
-0.01595699
0.04312411
0.08440926
0.08732005
0.07142744
0.02874647
-0.05418606
-0.1014527
-0.088245
-0.05331256
-0.008458991
0.03018069
0.05708614
0.01085993
-0.06584212
-0.08029923
-0.003016326
0.05576888
0.02625211
-0.02644448
-0.03401467
-0.03274491
-0.04025021
-0.0350608
0.008648397
0.02947758
0.02194446
0.01706935
0.005832289
-0.001978183
-0.002489686
0.01800912
0.0358299
0.05123815
0.05535537
-0.002221333
-0.06536409
-0.07957991
-0.05301553
-0.03026205
-0.01971122
-0.00938006
0.004212451
-0.01336917
-0.02930083
-0.02359286
0.01339689
0.04862595
0.01480067
-0.004133768
-0.02525662
-0.04141581
-0.03790141
-0.02863854
-0.01164347
0.03419621
0.06767688
0.06853048
0.03191653
-0.002507867
-0.01957089
-0.01999761
0.01938253
0.02665094
0.01764649
0.001392981
-0.02590041
-0.04480276
-0.02673496
0.003261895
0.004145227
-0.000925221
-0.008584868
-0.0191945
-0.02530559
-0.02496555
-0.01956714
-0.01865061
-0.008345441
0.01313803
0.009926628
0.003102476
0.008596931
0.007738604
-0.02351696
-0.03495812
-0.008629514
-0.000772276
-0.003010863
-0.001031746
-0.007590959
-0.02466628
-0.02103748
-0.000769869
0.000113843
-0.005852622
-0.000766251
0.01017357
0.02434063
0.02343283
0.02519654
0.002861901
-0.031063
-0.002699136
0.02957728
0.03606753
0.0422014
0.001912589
-0.04542422
-0.05544837
-0.03804305
0.01729925
0.03901351
0.04184621
0.04193014
-0.00563291
-0.04300359
-0.05776171
-0.04539209
0.003638941
0.01495932
0.008804362
-0.01247864
-0.02407288
-0.009962122
0.00461403
0.01715797
0.02728155
0.02474173
0.0204145
0.02307086
0.0182363
0.01567763
0.004952971
-0.004727582
-0.01408791
-0.008496941
0.001981091
0.000948961
0.01010107
0.0137748
0.01545241
0.01645708
0.01897585
0.01786625
0.001937869
-0.007078236
-0.008419642
-0.004748205
-0.008866285
-0.007043052
-0.000947985
-0.00357981
-0.003692039
-0.004586844
0.002137118
0.004809082
0.003904396
0.007655501
0.01741399
0.002669933
-0.03263833
-0.03854227
-0.01312343
0.01864566
0.03463982
0.003608056
-0.02598188
-0.03593467
-0.02330116
-0.004871857
0.01287439
0.03447713
0.03088435
0.0216892
-0.01657502
-0.0104444
0.003761514
0.005993675
0.008668101
0.01199839
0.01794945
0.006108592
-0.002182637
-0.006222731
-0.001654455
-0.000377994
-0.008771106
-0.02072308
-0.02752332
-0.02508874
-0.01309978
-0.00843944
0.003355496
0.0227898
0.01516662
-0.002688429
-0.008114918
-0.01169152
-0.01555274
-0.01705349
-0.009046991
0.01679412
0.03028221
0.03308824
0.0246705
0.01415888
-0.004826235
-0.02941767
-0.006979027
0.01567844
0.01393315
0.01302437
0.01169945
0.00497517
-0.00371507
-0.0077856
-0.009191301
0.000936596
0.0109284
0.01421327
0.009468856
0.009407275
0.01692857
0.01549204
0.0122176
0.003399519
-0.005857995
-0.008726263
-0.009237073
-0.005501684
-0.001895686
0.004794859
0.007879945
0.001159854
0.005492269
0.01868396
0.0203374
0.01813722
0.01709466
0.01142264
0.005546946
0.000872665
0.002581802
0.00765138
0.005120328
0.00331704
-0.006894457
-0.02868666
-0.03362495
-0.02419927
-0.01020951
0.000505276
0.01233409
0.01777108
0.01075811
0.003679194
-0.004284504
-0.01262708
-0.01607057
-0.008969059
0.0077951
0.01083794
0.009083892
0.002718114
-0.007865308
-0.0147201
-0.003078338
0.01919661
0.02349942
0.01959864
0.002844391
-0.007969785
-0.01472349
-0.003474027
0.02234329
0.02939164
0.02867446
0.008725093
-0.02548677
-0.03604239
-0.03651687
-0.02341239
0.003445366
0.008066324
-0.000280965
-0.00861944
-0.0139456
-0.01661295
-0.01494379
-0.0119899
-0.01069808
-0.007419669
-0.001559891
-0.000821045
-0.004866445
-0.008771293
-0.01309882
-0.01738754
-0.01947493
-0.01765429
-0.01393812
-0.00945572
-0.003153283
0.00528647
0.010752
0.01132909
0.004682724
-0.000760167
0.000682315
0.002493431
0.01061808
0.01492147
0.01465578
0.01287875
0.008144191
-0.000505708
-0.01578097
-0.01739878
-0.01175114
-0.009601866
-0.005536901
0.003197661
0.00638604
0.002731967
0.00276663
-0.002462729
-0.008950161
-0.01021936
-0.01304318
-0.01184507
-0.003264133
-0.002199664
-0.007315468
-0.01119499
-0.01087084
-0.003691655
0.001140004
0.003678553
0.002883803
0.004004996
0.003386526
0.000768234
0.008702486
0.01940713
0.02250111
0.02173745
0.02402765
0.01605107
0.004368483
0.000422821
0.001823702
0.002313807
-0.003868229
-0.004604636
-0.006695931
-0.009292016
-0.005125373
-0.000377927
0.003269007
0.004339496
0.008742672
0.007006105
-3.42E-07
-0.002377769
0.001692551
0.01119332
0.02063517
0.01666624
0.006630724
0.003873618
0.001534951
0.005274074
0.01566541
0.01719255
0.007865104
-0.001026052
-0.005269881
-0.004623557
-0.00036499
0.005143501
0.00847615
0.001293524
-0.00969944
-0.01527733
-0.01747045
-0.0171814
-0.01248766
-0.007996563
-0.003172751
-0.001101601
-0.001118801
0.003898223
0.008078577
0.006497749
0.005000302
0.004103323
-0.004218803
-0.01327452
-0.01248505
-0.006442784
-0.000785569
0.001342303
-0.00243075
-0.003828973
-0.004069815
0.000490018
0.006018603
0.009273406
0.01334183
0.01074483
0.003887255
-0.000403004
-0.002102301
-0.000691696
-0.00134182
-0.003375222
-0.004188435
-0.005953489
-0.005189124
-0.003990917
-0.000682392
0.002151766
-0.001805252
-0.006635131
-0.009096211
-0.00873891
-0.004682241
-0.000209238
-0.000790746
-0.004931034
-0.001750121
0.006970675
0.01151718
0.009578256
0.006423324
0.005317809
0.005051921
0.004491701
0.005031133
0.006485854
0.000707316
-0.006924095
-0.00890755
-0.004861381
0.001162178
0.003940702
0.005672573
0.006839875
0.008833774
0.007888141
0.001055065
-0.005615744
-0.007643513
-0.008941746
-0.01009531
-0.005819756
-0.002911369
-0.002657186
0.000976346
-0.000170222
-0.0100992
-0.01338508
-0.009975929
-0.008836937
-0.006090734
-0.006043004
-0.006989635
-0.00544455
-0.003121347
0.001209454
0.002038513
0.001259602
0.000650786
0.00199095
0.004049615
0.003722946
0.001430291
-0.001441111
-0.003862263
-0.00243694
0.00512563
0.007676388
0.007326915
0.005880549
0.001611825
-0.001699965
-0.003327917
-0.000570648
-0.003406206
-0.005787886
-0.003187087
-0.003396152
-0.002890503
-0.002240131
-0.00390738
-0.003529783
0.001017968
0.003525256
0.003305943
0.002934693
7.24E-05
-0.005700187
-0.008564796
-0.007478792
-0.001013445
0.003550702
0.000949598
-0.000719219
-0.001588905
-0.002214189
-0.0002775
0.002996719
0.002866478
0.002581141
0.00709438
0.01044686
0.009162863
0.00884035
0.006036705
-0.000162656
-0.002811392
0.000495787
0.007651247
0.0126185
0.01045083
0.002082259
-0.008634245
-0.01217492
-0.008487736
-0.002045709
0.005363145
0.006418111
0.006558659
0.005394171
0.002275567
0.001170671
0.0011713
0.004137825
0.003953179
0.002592078
0.004019835
0.00342755
0.001627019
-0.000845821
-0.002904275
-0.002195221
-0.001840847
0.000344289
0.00041479
-0.002119832
-0.004753856
-0.007744628
-0.009274046
-0.007463968
-0.002793908
-0.003852878
-0.004411272
0.000845869
0.003977589
0.002914121
0.001563486
0.002649005
0.003778156
0.002744897
0.003374536
0.004794166
0.001066348
-0.004732186
-0.008194363
-0.007804472
-0.004629542
0.001365772
0.003109131
-0.001310696
-0.001588136
0.00130378
0.002615511
0.00302503
0.005534971
0.006080324
0.0062392
0.004480092
0.005100827
0.002757013
0.000434288
0.002735451
0.00513562
0.006005204
0.003960397
0.0054048
0.005190948
0.003686496
0.002354776
0.00375392
0.003701482
0.00333747
0.002553262
0.000130904
-0.002038099
-0.002280603
-0.001680863
-0.003101001
-0.00452015
-0.00455344
-0.001874832
-0.002321219
-0.003966028
-0.006088678
-0.01016658
-0.01250459
-0.00940873
-0.004455002
-0.003551944
-0.002480981
-0.003474322
-0.005885644
-0.007316423
-0.006972048
-0.00634953
-0.006158648
-0.001794473
0.00140922
0.002313422
-0.001068948
-0.005022903
-0.007017677
-0.005851268
-0.002461927
-0.000338933
0.000487466
-0.000335648
-0.001359901
-0.003248965
-0.004470752
-0.005688979
-0.007314435
-0.008390337
-0.007988695
-0.002619664
0.004078984
0.006316977
0.007068728
0.005767652
-0.000297788
-0.004730563
-0.004357518
-0.004127932
-0.001404221
0.002830252
0.005034607
0.002771063
-0.000741724
-0.001055622
0.00185545
0.008298439
0.01279833
0.00823083
3.18E-05
-0.004313421
-0.002070108
0.004571215
0.009138747
0.009798109
0.00865872
0.00252093
-0.003406925
0.000226203
0.006586765
0.01008987
0.01222408
0.007761655
0.000166237
-0.004567529
-0.00317997
0.000358923
0.000310807
-0.000615957
-0.003095661
-0.002476581
-0.000326319
0.00074687
-0.001570981
-0.002089066
0.00010333
0.000467707
0.000142023
-0.000431361
0.000271881
0.003394482
0.008013587
0.009098561
0.005689289
0.001141526
0.000814553
0.00455454
0.007790338
0.008005831
0.007927404
0.00630976
0.004122555
0.003751298
-4.85E-05
-0.004035083
-0.005331287
-0.005005088
-0.004405959
-0.004540836
-0.003916167
-0.004457824
-0.003957422
-0.005546404
-0.006963263
-0.005585301
-0.002154803
0.001165093
0.003088567
0.005201513
0.003889144
0.002628667
0.000840477
-0.001861899
-0.003361656
-0.003618306
-0.003311324
-0.003495158
-0.002219937
-0.000701935
-0.002634508
-0.004453875
-0.005144609
-0.002150783
0.000293109
0.000695306
0.003426943
0.003570976
0.003457665
0.00333998
0.00329994
0.003056166
0.003393081
0.005589777
0.003648809
0.000831552
-0.002554728
-0.0048842
-0.005927308
-0.005661968
-0.006100167
-0.005661141
-0.003198317
-0.001437286
0.00323938
0.006692433
0.006349767
0.002840947
0.000345837
0.000779745
0.002830039
0.003435078
0.001789828
5.04E-05
-0.000234718
-0.000239976
-0.000730979
-6.14E-05
-0.001438505
-0.001763633
-6.76E-05
0.002037044
0.003933064
0.004943771
0.003819237
-0.000618834
-0.003358023
-0.003749448
-0.003474375
-0.00555662
-0.004505716
-0.001199303
0.00177654
0.004846217
0.004465295
0.002981943
0.000326474
-0.000986188
-0.00251099
-0.002778445
-0.003078448
-0.001843407
0.000420164
0.000921269
1.46E-05
0.000685248
0.001833963
-0.000686579
-0.00061406
0.000160574
0.00098219
0.000612334
0.000974502
0.000604058
-0.001604141
-0.00258662
-0.001849222
-0.000770354
-0.000523226
-0.002541406
-0.004087764
-0.004627029
-0.003670272
-0.000962633
-0.000884794
-0.00251831
-0.003919664
-0.00316985
-0.001100831
3.37E-05
-0.000128127
0.000300517
-0.00177013
-0.002672774
-0.004539226
-0.003229069
0.001060242
0.005716002
0.007035408
0.003417857
0.00168814
-0.000173663
-0.002222326
-0.003483238
-0.003862733
-0.003931608
-0.003980825
-0.004293338
-0.002282606
0.000156959
0.002561198
0.003269426
0.002268104
0.000626425
0.000661071
0.000505679
0.001631537
0.004375543
0.005591514
0.002848032
-0.000500209
-0.002919072
-0.003811246
-0.00195553
0.000249556
0.002038845
0.001669879
0.002000398
0.001652197
-0.002249855
-0.002522276
-0.001396626
-0.001961735
-0.000677839
-0.000310122
0.00171175
0.003320818
0.004653727
0.005826587
0.005369248
0.004421145
0.004022577
0.003088182
0.00156349
0.000653866
-0.003019871
-0.006637245
-0.007068399
-0.002327655
0.00149992
0.00309832
0.002836279
0.001226524
-0.001151309
-0.002991325
-0.002192868
-0.000252284
-0.000121002
-0.00273819
-0.003937169
-0.00392691
-0.001615108
0.001036278
0.001671314
0.00088258
0.001486677
-0.001163211
-0.003742506
-0.004310673
-0.003764695
-0.001217755
0.000322067
0.001639344
0.002051017
0.001787394
0.001493557
-0.000337133
-0.002311905
-0.003753867
-0.005433903
-0.006800661
-0.006436828
-0.005056478
-0.005447428
-0.005528867
-0.004539856
-0.003516577
-0.004684812
-0.0054211
-0.004161394
-0.001998785
-0.001909835
-0.000660088
-2.36E-05
-0.001496633
-0.000710839
0.000155489
0.001519128
0.00244318
0.001293969
0.002289163
0.004630386
0.003201102
0.002367872
0.001029718
-0.000815914
0.000638212
0.004264932
0.007142722
0.006870344
0.007037785
0.005022302
0.000606308
-0.002093693
-0.001523919
0.001635487
0.003922108
0.004489106
0.003751638
0.00182267
0.000444997
0.0003554
0.000832838
0.004068817
0.003660308
0.00353553
0.006092445
0.006241043
0.003478378
-0.001408064
-0.00168058
-0.000690232
-0.000700151
0.001619703
0.004275409
0.003469342
0.002397026
0.00156593
-0.001690505
-0.003546904
-0.002779037
-0.000906479
0.000685768
0.001832309
0.002478137
0.002699961
0.002193601
0.002601542
0.002093367
0.001797984
0.002055535
0.001957821
0.001303485
0.000179769
-0.001028854
-0.001928035
-0.0021874
-0.000299818
0.00404749
0.005479996
0.003944357
0.001534215
-0.000747979
-0.001835892
-0.00126469
0.001479867
0.001863949
0.001131705
5.04E-05
-0.001332777
-0.000463091
0.002546505
0.004467145
0.001427683
-0.001130351
-0.003172915
-0.002972446
-0.002450163
-0.001652099
-0.001727111
-0.003327893
-0.001913084
-0.001376897
-0.001155705
-0.002288001
-0.002978822
-0.001375535
-0.002795404
-0.004159912
-0.003524541
-0.001460843
0.001292718
0.003919523
0.004512021
0.001608887
0.000955155
0.001546127
0.002896778
0.006292976
0.007907808
0.006384961
0.00362654
0.001710039
0.00098384
0.001203857
0.001837359
0.000929171
-0.002127832
-0.002383727
-0.002821396
-0.001254763
0.001084237
0.002115429
0.001174791
-0.002528536
-0.004870893
-0.00428113
-0.001972184
0.000907864
0.003244411
0.002410303
0.000653406
-0.001496988
-0.002449635
-0.00181022
-0.001686065
-0.001644859
-0.001046966
0.00060944
-0.000358615
-0.002315082
-0.002904784
-0.003593279
-0.002254783
-0.001186798
-0.002230931
-0.003282029
-0.004060037
-0.002711826
-0.002924022
-0.003057248
-0.000876703
-0.000555298
0.001590238
0.002377535
0.002591605
0.002553779
-0.000463857
-0.000182388
0.001602474
0.001895298
0.001969487
0.00019839
-0.000867185
-0.00295876
-0.004250669
-0.003722394
-0.002324758
-0.002284868
-0.001445227
-3.52E-05
0.000753721
0.002222816
0.004022693
0.004077892
0.000551149
-0.00278933
-0.003572026
-0.002160613
-0.000636786
-8.74E-05
-0.000628798
-0.002606163
-0.002640826
-0.000273085
0.001585664
0.002008548
0.000646645
-0.001923017
-0.002730335
-3.59E-05
0.003597965
0.00546323
0.003399776
0.00176663
0.000295906
-0.000176552
-0.000974864
-0.00253142
-0.002914857
-0.002653321
-0.001756667
-0.001785667
0.0005258
-0.000382591
-0.003040687
-0.005386994
-0.005977642
-0.00333871
-0.001588256
0.000480489
0.000609031
0.000342334
-0.00023117
-0.002317305
-0.003267586
-0.002477479
-0.002378943
-0.000706407
0.000909785
0.001716885
0.003253758
0.002122214
0.001023933
0.000482759
-0.000597336
-0.001753236
-0.00182285
0.000215338
0.000641777
0.000419786
-0.000174867
-0.001090524
-0.000917079
-0.000489203
0.000817325
6.44E-05
-0.001555818
-0.002008304
-0.000473514
0.001340247
0.002239295
0.001200284
0.000492636
-0.000323362
0.001365702
0.002412195
0.00262069
0.003175458
1.26E-06
-0.002120604
-0.000209535
0.001221723
0.002742222
0.003635361
0.002884373
0.001708763
0.000632044
0.000567186
0.000804441
0.001761081
0.002938318
0.002900558
0.003632333
0.00483325
0.006243226
0.006856391
0.005364965
0.003356549
0.001877832
0.002410337
0.003405208
0.003508041
0.002239166
0.002456911
0.001561379
0.001689273
0.003568528
0.002899936
0.001207258
0.001306884
-0.000731166
-0.001993081
-0.00163806
-0.001718795
-0.001781438
-0.001646917
-0.001304848
-0.001480352
-0.00194274
-0.001788194
-0.001630364
-0.00320783
-0.002528475
-0.001076161
-0.002844199
-0.00441692
-0.004625418
-0.00397282
-0.004374802
-0.002947416
-0.000882223
-0.000702718
-0.001709822
-0.002256118
-0.002688645
-0.003401711
-0.00332571
-0.003161022
-0.00286842
-0.002695583
-0.000903794
0.000321141
6.04E-05
0.000247546
4.12E-05
0.000963709
0.002624375
0.001864268
0.002641799
0.003077552
0.004755473
0.004763342
0.001350516
-0.001409997
-0.002260056
-0.002776139
-0.002945594
-0.002698873
-0.001009153
6.84E-06
5.00E-05
-0.000523279
-0.00139784
-0.001466565
-0.002659534
-0.001424761
0.000355859
0.001057668
0.001493708
0.000812522
4.38E-05
0.000457552
0.000189099
0.000149161
0.000557593
0.000687773
0.000377132
0.000320968
0.000617784
0.000370981
0.000247816
0.000327076
-2.45E-06
-0.001948836
-0.002463103
-0.002082376
-0.000702803
0.00088457
-0.000356524
-0.000561854
-0.000370284
-0.001674494
-0.001969516
-0.003954797
-0.004662391
-0.004333557
-0.004351814
-0.002118897
-0.001309916
2.91E-05
0.001544042
0.001999797
0.001550475
0.001316566
0.001387786
0.001391067
0.001364461
0.001403814
0.001359077
0.001807273
0.003488874
0.004244006
0.004173656
0.002754435
0.001041736
0.001572566
0.001277596
0.001975445
0.002855956
0.001574744
0.001982004
0.000908294
-0.0001965
0.000120655
0.000494018
0.000523781
0.000665925
-0.001692274
-0.002710839
-0.00293783
-0.002927057
-0.000729424
0.00031325
0.001322468
-4.59E-05
-0.001570456
-0.0019
-0.000463111
0.001097321
8.72E-05
-0.001373904
-0.002426057
-0.001855226
-0.002081695
-0.002029696
-4.99E-05
0.000701255
6.35E-05
-0.000551101
-0.000803077
-0.001303493
-0.000895249
-0.000484068
0.001027864
0.001695142
-0.000159977
-0.001266055
-0.001119106
-0.001333017
-0.000276206
0.002493889
0.002662953
0.001688342
3.21E-05
-0.001381325
-0.000885719
0.000764044
0.00098845
-0.001033648
-0.001097998
-0.001322518
-0.001914998
-0.000975881
-0.001191906
0.000447675
0.001592083
0.001819662
0.000850982
-0.000483307
-0.000866702
-0.000840717
0.000291627
0.000773599
0.002273103
0.000145594
-0.000964713
-0.000259267
-6.34E-05
-0.001142711
-9.03E-05
0.000910365
0.0009321
0.002042201
0.001650974
0.001482445
-0.000808785
-0.00100845
-0.000968012
-0.000887381
-0.00103286
0.000640176
0.000695989
0.000365297
0.000794057
0.000184648
-0.000261239
0.000622731
0.001995218
0.001882013
0.001835935
0.000600204
0.000771112
0.001504259
-7.13E-05
-0.00053186
0.000447656
0.00093217
0.001646855
0.001141609
0.001389998
0.001177714
-0.000311987
-0.000652937
-0.000935702
-0.000964919
-0.001329932
-0.000924496
-0.000187449
0.000920118
-0.000453577
-0.000376553
-0.000555825
-0.001808596
-0.000164778
-0.000301199
-0.000253828
-0.000610855
-0.000307273
0.000655885
0.00156301
0.00233723
0.002851799
0.002768928
0.002268069
0.001498349
0.001201962
0.001073747
0.000373396
-0.000329481
2.23E-05
0.000146094
0.000518449
0.000866759
0.0003865
-8.11E-05
0.000448851
0.001461851
0.000547555
0.00043807
0.000678437
0.000903736
0.000594003
0.000585352
0.000494029
0.000250539
0.000481849
0.000622572
0.00099322
0.000779921
0.000412258
-0.000118971
0.000802576
0.001735612
0.000980427
0.000130447
-5.35E-05
-0.000202333
-0.000101672
-0.000237295
-4.58E-05
2.56E-05
2.40E-08
-0.000601568
-0.002216747
-0.001988636
-0.002278759
-0.002277268
-0.001926957
-0.002056326
-0.001629234
-0.001454237
-0.000335062
-0.000294516
-0.001850821
-0.001563003
-0.001290407
-0.001051273
-0.000534322
-0.001086722
-0.000421426
0.000303403
0.000689464
0.000900256
0.001000023
0.000848067
0.001289729
0.001661308
0.001034569
0.00016712
-0.00015924
-0.000706267
-0.00099447
-0.000898055
-0.001394973
-0.001142622
-0.000178502
-9.33E-06
-0.000836725
-0.001010162
-0.000256358
0.000358536
-0.000444443
-0.000842996
-0.000919512
-0.000569857
0.000373546
0.000790935
0.000668027
0.000670197
0.000554013
0.000549886
0.000175559
-0.000787363
-0.000943609
-0.000974837
-0.000863193
-0.000944566
-0.000884598
-0.000762252
-0.000597317
-0.001238086
-0.001162896
-0.000399143
-0.000412108
-0.000319883
-0.000287842
-0.000258575
-0.000394589
-0.000192384
-0.000179924
-1.63E-05
-2.42E-05
3.03E-05
7.61E-05
0.000406955
0.000766989
0.000276664
5.55E-05
5.30E-05
-3.07E-05
9.67E-05
8.45E-05
0.000346317
0.000334949
0.000157705
0.000325045
0.000615154
0.000695167
0.000610554
0.000585541
0.000446308
0.000153695
2.20E-05
3.31E-05
9.59E-05
0.000157728
0.000260171
0.000391598
0.000340911
0.000317788
0.000253166
5.15E-05
-1.56E-05
-6.17E-07
0.000119794
0.000206125
7.64E-05
1.74E-05
9.05E-06
2.90E-05
0.000100463
0.000126486
0.000108763
8.15E-05
6.64E-05
6.06E-05
4.50E-05
3.23E-05
2.35E-05
-1.62E-05
-3.46E-05
-2.93E-05
-3.11E-05
-2.68E-05
-8.77E-06
-3.10E-06
-9.74E-06
-1.45E-05
-1.72E-05
-1.74E-05
-2.11E-05
-2.15E-05
-1.98E-05
-2.43E-05
-2.44E-05
-2.42E-05
-2.33E-05
-2.36E-05
-2.39E-05
-2.17E-05
-1.88E-05
-1.63E-05
-1.34E-05
-1.07E-05
-8.71E-06
-6.57E-06
-4.55E-06
-2.46E-06
-3.51E-07
1.71E-06
3.72E-06
5.68E-06
7.62E-06
9.50E-06
1.13E-05
1.31E-05
